Starting Dynare (version 4.5.1).
Starting preprocessing of the model file ...
Found 11 equation(s).
Evaluating expressions...done
Computing static model derivatives:
 - order 1
Computing dynamic model derivatives:
 - order 1
 - order 2
Processing outputs ...
done
Preprocessing completed.

STEADY-STATE RESULTS:

ahat    		 0
yhat    		 0
nhat    		 0
khat    		 0
chat    		 0
ihat    		 0
what    		 0
rhat    		 0
Rhat    		 0
logQhat 		 0
qhat    		 0

MODEL SUMMARY

  Number of variables:         11
  Number of stochastic shocks: 1
  Number of state variables:   3
  Number of jumpers:           3
  Number of static variables:  5


MATRIX OF COVARIANCE OF EXOGENOUS SHOCKS
Variables           e
e            0.000081

POLICY AND TRANSITION FUNCTIONS
                                ahat            yhat            nhat            khat            chat            ihat            what            rhat            Rhat         logQhat            qhat
ahat(-1)                    0.974000        1.033025        0.088537               0        0.855951        1.536410        0.944488       -0.008243        0.721214        0.008243        0.399409
khat(-1)                           0        0.316157       -0.012767        0.974004        0.341691        0.243568        0.328924       -0.006661       -0.509607        0.006661       -0.189886
ihat(-1)                           0        0.008438       -0.000341        0.025996        0.009120        0.006501        0.008779       -0.000178       -0.013601        0.000178       -0.005068
e                           1.000000        1.060600        0.090900               0        0.878800        1.577423        0.969700       -0.008463        0.740466        0.008463        0.410071


THEORETICAL MOMENTS (HP filter, lambda = 1600)
VARIABLE         MEAN  STD. DEV.   VARIANCE
ahat           0.0000     0.0117     0.0001
yhat           0.0000     0.0124     0.0002
nhat           0.0000     0.0011     0.0000
khat           0.0000     0.0018     0.0000
chat           0.0000     0.0103     0.0001
ihat           0.0000     0.0185     0.0003
what           0.0000     0.0113     0.0001
rhat           0.0000     0.0001     0.0000
Rhat           0.0000     0.0088     0.0001
logQhat        0.0000     0.0001     0.0000
qhat           0.0000     0.0048     0.0000



MATRIX OF CORRELATIONS (HP filter, lambda = 1600)
Variables       ahat     yhat     nhat     khat     chat     ihat     what     rhat     Rhat  logQhat     qhat
ahat          1.0000   0.9989   0.9998  -0.0675   0.9982   0.9997   0.9986  -0.9927   0.9945   0.9927   0.9975
yhat          0.9989   1.0000   0.9977  -0.0216   0.9999   0.9998   1.0000  -0.9972   0.9887   0.9972   0.9932
nhat          0.9998   0.9977   1.0000  -0.0889   0.9967   0.9990   0.9973  -0.9898   0.9966   0.9898   0.9988
khat         -0.0675  -0.0216  -0.0889   1.0000  -0.0076  -0.0438  -0.0153  -0.0537  -0.1712   0.0537  -0.1378
chat          0.9982   0.9999   0.9967  -0.0076   1.0000   0.9993   1.0000  -0.9981   0.9865   0.9981   0.9915
ihat          0.9997   0.9998   0.9990  -0.0438   0.9993   1.0000   0.9996  -0.9952   0.9918   0.9952   0.9955
what          0.9986   1.0000   0.9973  -0.0153   1.0000   0.9996   1.0000  -0.9976   0.9877   0.9976   0.9925
rhat         -0.9927  -0.9972  -0.9898  -0.0537  -0.9981  -0.9952  -0.9976   1.0000  -0.9746  -1.0000  -0.9816
Rhat          0.9945   0.9887   0.9966  -0.1712   0.9865   0.9918   0.9877  -0.9746   1.0000   0.9746   0.9994
logQhat       0.9927   0.9972   0.9898   0.0537   0.9981   0.9952   0.9976  -1.0000   0.9746   1.0000   0.9816
qhat          0.9975   0.9932   0.9988  -0.1378   0.9915   0.9955   0.9925  -0.9816   0.9994   0.9816   1.0000



COEFFICIENTS OF AUTOCORRELATION (HP filter, lambda = 1600)
Order           1       2       3       4       5
ahat       0.7191  0.4804  0.2819  0.1208 -0.0062
yhat       0.7212  0.4838  0.2859  0.1249 -0.0024
nhat       0.7185  0.4794  0.2807  0.1196 -0.0074
khat       0.9620  0.8696  0.7409  0.5909  0.4319
chat       0.7221  0.4852  0.2875  0.1266 -0.0008
ihat       0.7201  0.4820  0.2838  0.1227 -0.0045
what       0.7216  0.4844  0.2866  0.1257 -0.0017
rhat       0.7269  0.4929  0.2967  0.1360  0.0079
Rhat       0.7181  0.4789  0.2801  0.1190 -0.0079
logQhat    0.7269  0.4929  0.2967  0.1360  0.0079
qhat       0.7179  0.4784  0.2796  0.1184 -0.0084
Total computing time : 0h00m06s
