Starting Dynare (version 4.5.1).
Starting preprocessing of the model file ...
Found 8 equation(s).
Evaluating expressions...done
Computing static model derivatives:
 - order 1
Computing dynamic model derivatives:
 - order 1
 - order 2
Processing outputs ...
done
Preprocessing completed.

STEADY-STATE RESULTS:

ahat 		 0
yhat 		 0
nhat 		 0
khat 		 0
chat 		 0
ihat 		 0
what 		 0
rhat 		 0

MODEL SUMMARY

  Number of variables:         8
  Number of stochastic shocks: 1
  Number of state variables:   3
  Number of jumpers:           2
  Number of static variables:  3


MATRIX OF COVARIANCE OF EXOGENOUS SHOCKS
Variables           e
e            0.000081

POLICY AND TRANSITION FUNCTIONS
                                ahat            yhat            nhat            khat            chat            ihat            what            rhat
khat(-1)                           0               0               0        0.974004               0      -36.493078               0       -0.974004
ihat(-1)                           0               0               0        0.025996               0       -0.974004               0       -0.025996
e                           1.000000        1.000000               0               0        1.000000     1163.622067        1.000000        1.000000


THEORETICAL MOMENTS (HP filter, lambda = 1600)
VARIABLE         MEAN  STD. DEV.   VARIANCE
ahat           0.0000     0.0087     0.0001
yhat           0.0000     0.0087     0.0001
nhat           0.0000     0.0000     0.0000
khat           0.0000     0.2625     0.0689
chat           0.0000     0.0087     0.0001
ihat           0.0000    14.6102   213.4571
what           0.0000     0.0087     0.0001
rhat           0.0000     0.2633     0.0693



MATRIX OF CORRELATIONS (HP filter, lambda = 1600)
Variables      ahat    yhat    khat    chat    ihat    what    rhat
ahat         1.0000  1.0000 -0.0742  1.0000  0.7411  1.0000  0.1069
yhat         1.0000  1.0000 -0.0742  1.0000  0.7411  1.0000  0.1069
khat        -0.0742 -0.0742  1.0000 -0.0742 -0.7245 -0.0742 -0.9995
chat         1.0000  1.0000 -0.0742  1.0000  0.7411  1.0000  0.1069
ihat         0.7411  0.7411 -0.7245  0.7411  1.0000  0.7411  0.7468
what         1.0000  1.0000 -0.0742  1.0000  0.7411  1.0000  0.1069
rhat         0.1069  0.1069 -0.9995  0.1069  0.7468  0.1069  1.0000



COEFFICIENTS OF AUTOCORRELATION (HP filter, lambda = 1600)
Order         1       2       3       4       5
ahat    -0.0742 -0.0709 -0.0661 -0.0604 -0.0541
yhat    -0.0742 -0.0709 -0.0661 -0.0604 -0.0541
khat    -0.0742 -0.0709 -0.0661 -0.0604 -0.0541
chat    -0.0742 -0.0709 -0.0661 -0.0604 -0.0541
ihat    -0.5014 -0.0007 -0.0005 -0.0003 -0.0001
what    -0.0742 -0.0709 -0.0661 -0.0604 -0.0541
rhat    -0.1043 -0.0659 -0.0615 -0.0562 -0.0503
Total computing time : 0h00m09s
