Starting Dynare (version 4.5.1).
Starting preprocessing of the model file ...
Found 9 equation(s).
Evaluating expressions...done
Computing static model derivatives:
 - order 1
Computing dynamic model derivatives:
 - order 1
 - order 2
Processing outputs ...
done
Preprocessing completed.

STEADY-STATE RESULTS:

ahat 		 0
yhat 		 0
nhat 		 0
khat 		 0
chat 		 0
ihat 		 0
what 		 0
rhat 		 0
qhat 		 0

MODEL SUMMARY

  Number of variables:         9
  Number of stochastic shocks: 1
  Number of state variables:   3
  Number of jumpers:           5
  Number of static variables:  3


MATRIX OF COVARIANCE OF EXOGENOUS SHOCKS
Variables           e
e            0.000081

POLICY AND TRANSITION FUNCTIONS
                                ahat            yhat            nhat            khat            chat            ihat            what            rhat            qhat
ahat(-1)                    0.974000        1.077786        0.155679               0        0.766428        1.962917        0.922107        1.077786        0.510285
khat(-1)                           0        0.278584       -0.069127        0.974004        0.416837       -0.114443        0.347710       -0.695420       -0.282955
ihat(-1)                           0        0.007435       -0.001845        0.025996        0.011125       -0.003054        0.009280       -0.018561       -0.007552
e                           1.000000        1.106557        0.159835               0        0.786887        2.015315        0.946722        1.106557        0.523906


THEORETICAL MOMENTS (HP filter, lambda = 1600)
VARIABLE         MEAN  STD. DEV.   VARIANCE
ahat           0.0000     0.0117     0.0001
yhat           0.0000     0.0130     0.0002
nhat           0.0000     0.0019     0.0000
khat           0.0000     0.0022     0.0000
chat           0.0000     0.0092     0.0001
ihat           0.0000     0.0236     0.0006
what           0.0000     0.0111     0.0001
rhat           0.0000     0.0131     0.0002
qhat           0.0000     0.0062     0.0000



MATRIX OF CORRELATIONS (HP filter, lambda = 1600)
Variables      ahat    yhat    nhat    khat    chat    ihat    what    rhat    qhat
ahat         1.0000  0.9988  0.9965 -0.0339  0.9946  0.9999  0.9974  0.9926  0.9945
yhat         0.9988  1.0000  0.9911  0.0154  0.9985  0.9982  0.9997  0.9854  0.9881
nhat         0.9965  0.9911  1.0000 -0.1179  0.9824  0.9973  0.9878  0.9993  0.9998
khat        -0.0339  0.0154 -0.1179  1.0000  0.0697 -0.0451  0.0380 -0.1553 -0.1385
chat         0.9946  0.9985  0.9824  0.0697  1.0000  0.9934  0.9995  0.9746  0.9783
ihat         0.9999  0.9982  0.9973 -0.0451  0.9934  1.0000  0.9965  0.9939  0.9956
what         0.9974  0.9997  0.9878  0.0380  0.9995  0.9965  1.0000  0.9813  0.9844
rhat         0.9926  0.9854  0.9993 -0.1553  0.9746  0.9939  0.9813  1.0000  0.9999
qhat         0.9945  0.9881  0.9998 -0.1385  0.9783  0.9956  0.9844  0.9999  1.0000



COEFFICIENTS OF AUTOCORRELATION (HP filter, lambda = 1600)
Order         1       2       3       4       5
ahat     0.7191  0.4804  0.2819  0.1208 -0.0062
yhat     0.7223  0.4855  0.2879  0.1269 -0.0006
nhat     0.7165  0.4762  0.2770  0.1157 -0.0109
khat     0.9616  0.8683  0.7384  0.5873  0.4274
chat     0.7271  0.4932  0.2970  0.1362  0.0081
ihat     0.7185  0.4795  0.2809  0.1198 -0.0072
what     0.7241  0.4884  0.2913  0.1304  0.0027
rhat     0.7164  0.4761  0.2769  0.1157 -0.0110
qhat     0.7163  0.4760  0.2768  0.1155 -0.0111
Total computing time : 0h00m06s
