Starting Dynare (version 4.5.1).
Starting preprocessing of the model file ...
Found 8 equation(s).
Evaluating expressions...done
Computing static model derivatives:
 - order 1
Computing dynamic model derivatives:
 - order 1
 - order 2
Processing outputs ...
done
Preprocessing completed.

STEADY-STATE RESULTS:

ahat 		 0
yhat 		 0
nhat 		 0
khat 		 0
chat 		 0
ihat 		 0
what 		 0
rhat 		 0

MODEL SUMMARY

  Number of variables:         8
  Number of stochastic shocks: 1
  Number of state variables:   3
  Number of jumpers:           2
  Number of static variables:  3


MATRIX OF COVARIANCE OF EXOGENOUS SHOCKS
Variables           e
e            0.000081

POLICY AND TRANSITION FUNCTIONS
                                ahat            yhat            nhat            khat            chat            ihat            what            rhat
ahat(-1)                    0.974000        1.232221        0.387332               0        0.457558        3.434435        0.844889        1.232221
khat(-1)                           0        0.218188       -0.159720        0.974004        0.537628       -0.689917        0.377908       -0.755816
ihat(-1)                           0        0.005823       -0.004263        0.025996        0.014349       -0.018414        0.010086       -0.020173
e                           1.000000        1.265114        0.397671               0        0.469772        3.526114        0.867443        1.265114


THEORETICAL MOMENTS (HP filter, lambda = 1600)
VARIABLE         MEAN  STD. DEV.   VARIANCE
ahat           0.0000     0.0117     0.0001
yhat           0.0000     0.0149     0.0002
nhat           0.0000     0.0047     0.0000
khat           0.0000     0.0039     0.0000
chat           0.0000     0.0059     0.0000
ihat           0.0000     0.0414     0.0017
what           0.0000     0.0103     0.0001
rhat           0.0000     0.0151     0.0002



MATRIX OF CORRELATIONS (HP filter, lambda = 1600)
Variables      ahat    yhat    nhat    khat    chat    ihat    what    rhat
ahat         1.0000  0.9983  0.9908  0.0183  0.9332  0.9978  0.9893  0.9800
yhat         0.9983  1.0000  0.9813  0.0765  0.9526  0.9923  0.9961  0.9667
nhat         0.9908  0.9813  1.0000 -0.1170  0.8761  0.9976  0.9606  0.9979
khat         0.0183  0.0765 -0.1170  1.0000  0.3763 -0.0480  0.1637 -0.1811
chat         0.9332  0.9526  0.8761  0.3763  1.0000  0.9074  0.9756  0.8430
ihat         0.9978  0.9923  0.9976 -0.0480  0.9074  1.0000  0.9775  0.9910
what         0.9893  0.9961  0.9606  0.1637  0.9756  0.9775  1.0000  0.9405
rhat         0.9800  0.9667  0.9979 -0.1811  0.8430  0.9910  0.9405  1.0000



COEFFICIENTS OF AUTOCORRELATION (HP filter, lambda = 1600)
Order         1       2       3       4       5
ahat     0.7191  0.4804  0.2819  0.1208 -0.0062
yhat     0.7245  0.4890  0.2920  0.1311  0.0033
nhat     0.7129  0.4705  0.2703  0.1091 -0.0171
khat     0.9607  0.8653  0.7329  0.5793  0.4171
chat     0.7766  0.5721  0.3893  0.2300  0.0946
ihat     0.7149  0.4738  0.2741  0.1129 -0.0135
what     0.7356  0.5067  0.3127  0.1521  0.0227
rhat     0.7132  0.4710  0.2709  0.1096 -0.0166
Total computing time : 0h00m01s
